1.48275e+011 2.05445e+010
1.44816e+011 3.8236e+010
1.39264e+011 5.5394e+010
1.317e+011 7.1772e+010
1.22236e+011 8.71354e+010
1.11009e+011 1.01266e+011
9.81844e+010 1.13963e+011
8.39475e+010 1.25049e+011
6.85043e+010 1.34372e+011
5.20769e+010 1.41804e+011
3.49001e+010 1.47249e+011
1.72174e+010 1.50639e+011
-7.22808e+008 1.51935e+011
-1.8671e+010 1.51131e+011
-3.63806e+010 1.4825e+011
-5.36116e+010 1.43344e+011
-7.01337e+010 1.36492e+011
-8.57303e+010 1.27801e+011
-1.00201e+011 1.174e+011
-1.13362e+011 1.05439e+011
-1.25054e+011 9.20882e+010
-1.35136e+011 7.75314e+010
-1.43494e+011 6.19658e+010
-1.50035e+011 4.55982e+010
-1.54694e+011 2.86415e+010
-1.57429e+011 1.13124e+010
-1.58223e+011 -6.17203e+009
-1.57084e+011 -2.35966e+010
-1.54041e+011 -4.07509e+010
-1.49147e+011 -5.74312e+010
-1.42476e+011 -7.34433e+010
-1.34121e+011 -8.86037e+010
-1.24191e+011 -1.02742e+011
-1.12813e+011 -1.15701e+011
-1.00128e+011 -1.2734e+011
-8.629e+010 -1.37536e+011
-7.14622e+010 -1.4618e+011
-5.58173e+010 -1.53185e+011
-3.95348e+010 -1.58481e+011
-2.2799e+010 -1.62016e+011
-5.79729e+009 -1.6376e+011
1.12819e+010 -1.63699e+011
2.82508e+010 -1.61841e+011
4.49239e+010 -1.58211e+011
6.11204e+010 -1.52853e+011
7.6665e+010 -1.45829e+011
9.13902e+010 -1.37218e+011
1.05138e+011 -1.27115e+011
1.1776e+011 -1.15631e+011
1.29122e+011 -1.02891e+011
1.39101e+011 -8.90318e+010
1.4759e+011 -7.42037e+010
1.54498e+011 -5.8566e+010
1.59751e+011 -4.22866e+010
1.63291e+011 -2.55403e+010
1.6508e+011 -8.50679e+009
1.65098e+011 8.63112e+009
