5.679576e+010 1.223406e+010
5.460993e+010 2.016645e+010
5.131397e+010 2.773310e+010
4.697479e+010 3.478292e+010
4.167980e+010 4.117631e+010
3.553527e+010 4.678818e+010
2.866407e+010 5.151086e+010
2.120279e+010 5.525664e+010
1.329835e+010 5.795981e+010
5.104188e+009 5.957805e+010
-3.223815e+009 6.009299e+010
-1.153143e+010 5.950999e+010
-1.967006e+010 5.785707e+010
-2.750029e+010 5.518309e+010
-3.489500e+010 5.155524e+010
-4.174171e+010 4.705617e+010
-4.794426e+010 4.178072e+010
-5.342380e+010 3.583263e+010
-5.811897e+010 2.932136e+010
-6.198565e+010 2.235903e+010
-6.499606e+010 1.505780e+010
-6.713761e+010 7.527563e+009
-6.841144e+010 -1.258960e+008
-6.883082e+010 -7.802376e+009
-6.841954e+010 -1.540831e+010
-6.721028e+010 -2.285749e+010
-6.524309e+010 -3.007148e+010
-6.256396e+010 -3.697982e+010
-5.922354e+010 -4.351999e+010
-5.527603e+010 -4.963725e+010
-5.077814e+010 -5.528440e+010
-4.578826e+010 -6.042137e+010
-4.036577e+010 -6.501493e+010
-3.457039e+010 -6.903819e+010
-2.846170e+010 -7.247025e+010
-2.209875e+010 -7.529576e+010
-1.553969e+010 -7.750452e+010
-8.841539e+009 -7.909115e+010
-2.059946e+009 -8.005471e+010
4.750973e+009 -8.039839e+010
1.153878e+010 -8.012926e+010
1.825281e+010 -7.925796e+010
2.484430e+010 -7.779850e+010
3.126645e+010 -7.576803e+010
3.747446e+010 -7.318669e+010
4.342570e+010 -7.007739e+010
4.907966e+010 -6.646573e+010
5.439812e+010 -6.237980e+010
5.934518e+010 -5.785008e+010
