1.482749e+011 2.054453e+010
1.448161e+011 3.823601e+010
1.392638e+011 5.539404e+010
1.317000e+011 7.177199e+010
1.222357e+011 8.713539e+010
1.110093e+011 1.012655e+011
9.818442e+010 1.139626e+011
8.394748e+010 1.250490e+011
6.850428e+010 1.343716e+011
5.207692e+010 1.418043e+011
3.490012e+010 1.472493e+011
1.721739e+010 1.506387e+011
-7.228080e+008 1.519350e+011
-1.867102e+010 1.511310e+011
-3.638063e+010 1.482499e+011
-5.361155e+010 1.433436e+011
-7.013373e+010 1.364920e+011
-8.573033e+010 1.278010e+011
-1.002006e+011 1.173999e+011
-1.133623e+011 1.054393e+011
-1.250540e+011 9.208824e+010
-1.351365e+011 7.753138e+010
-1.434940e+011 6.196583e+010
-1.500355e+011 4.559819e+010
-1.546944e+011 2.864152e+010
-1.574293e+011 1.131239e+010
-1.582234e+011 -6.172025e+009
-1.570838e+011 -2.359661e+010
-1.540409e+011 -4.075086e+010
-1.491473e+011 -5.743124e+010
-1.424763e+011 -7.344331e+010
-1.341206e+011 -8.860365e+010
-1.241906e+011 -1.027416e+011
-1.128128e+011 -1.157007e+011
-1.001282e+011 -1.273401e+011
-8.629002e+010 -1.375355e+011
-7.146218e+010 -1.461800e+011
-5.581731e+010 -1.531851e+011
-3.953481e+010 -1.584808e+011
-2.279903e+010 -1.620163e+011
-5.797287e+009 -1.637600e+011
1.128191e+010 -1.636994e+011
2.825076e+010 -1.618413e+011
4.492395e+010 -1.582113e+011
6.112039e+010 -1.528533e+011
7.666496e+010 -1.458293e+011
9.139017e+010 -1.372182e+011
1.051377e+011 -1.271153e+011
1.177600e+011 -1.156312e+011
1.291217e+011 -1.028908e+011
1.391008e+011 -8.903182e+010
1.475901e+011 -7.420372e+010
