1.433305e+012 4.608763e+010
1.431410e+012 8.794794e+010
1.428314e+012 1.297362e+011
1.424019e+012 1.714174e+011
1.418529e+012 2.129565e+011
1.411850e+012 2.543187e+011
1.403986e+012 2.954695e+011
1.394946e+012 3.363744e+011
1.384736e+012 3.769992e+011
1.373367e+012 4.173100e+011
1.360848e+012 4.572733e+011
1.347189e+012 4.968556e+011
1.332404e+012 5.360242e+011
1.316505e+012 5.747466e+011
1.299506e+012 6.129906e+011
1.281422e+012 6.507247e+011
1.262268e+012 6.879178e+011
1.242062e+012 7.245393e+011
1.220821e+012 7.605591e+011
1.198564e+012 7.959478e+011
1.175309e+012 8.306764e+011
1.151078e+012 8.647167e+011
1.125891e+012 8.980412e+011
1.099770e+012 9.306229e+011
1.072737e+012 9.624356e+011
1.044817e+012 9.934537e+011
1.016032e+012 1.023653e+012
9.864072e+011 1.053008e+012
9.559687e+011 1.081497e+012
9.247421e+011 1.109097e+012
8.927540e+011 1.135786e+012
8.600316e+011 1.161544e+012
8.266027e+011 1.186351e+012
7.924955e+011 1.210187e+012
7.577390e+011 1.233035e+012
7.223622e+011 1.254877e+012
6.863949e+011 1.275696e+012
6.498672e+011 1.295477e+012
6.128097e+011 1.314206e+012
5.752531e+011 1.331869e+012
5.372287e+011 1.348452e+012
4.987678e+011 1.363945e+012
4.599024e+011 1.378336e+012
4.206642e+011 1.391616e+012
3.810856e+011 1.403775e+012
3.411988e+011 1.414805e+012
3.010365e+011 1.424700e+012
2.606312e+011 1.433453e+012
2.200156e+011 1.441059e+012
1.792226e+011 1.447514e+012
1.382850e+011 1.452814e+012
9.723560e+010 1.456957e+012
5.610725e+010 1.459942e+012
1.493273e+010 1.461769e+012
-2.625526e+010 1.462437e+012
-6.742412e+010 1.461948e+012
-1.085414e+011 1.460305e+012
-1.495747e+011 1.457510e+012
-1.904919e+011 1.453568e+012
-2.312611e+011 1.448484e+012
-2.718504e+011 1.442264e+012
-3.122285e+011 1.434914e+012
-3.523642e+011 1.426442e+012
-3.922264e+011 1.416857e+012
-4.317846e+011 1.406167e+012
-4.710085e+011 1.394383e+012
-5.098683e+011 1.381516e+012
-5.483343e+011 1.367578e+012
-5.863775e+011 1.352581e+012
-6.239691e+011 1.336538e+012
-6.610808e+011 1.319464e+012
-6.976849e+011 1.301373e+012
-7.337539e+011 1.282280e+012
-7.692611e+011 1.262202e+012
-8.041800e+011 1.241157e+012
-8.384848e+011 1.219160e+012
-8.721502e+011 1.196231e+012
-9.051515e+011 1.172389e+012
-9.374645e+011 1.147652e+012
-9.690656e+011 1.122042e+012
-9.999318e+011 1.095578e+012
-1.030041e+012 1.068282e+012
-1.059371e+012 1.040176e+012
-1.087900e+012 1.011282e+012
-1.115609e+012 9.816231e+011
-1.142477e+012 9.512226e+011
-1.168486e+012 9.201042e+011
-1.193616e+012 8.882923e+011
-1.217851e+012 8.558116e+011
-1.241172e+012 8.226874e+011
-1.263563e+012 7.889451e+011
-1.285009e+012 7.546108e+011
-1.305495e+012 7.197107e+011
-1.325006e+012 6.842715e+011
-1.343529e+012 6.483203e+011
-1.361051e+012 6.118843e+011
-1.377559e+012 5.749912e+011
-1.393043e+012 5.376688e+011
-1.407492e+012 4.999452e+011
-1.420896e+012 4.618489e+011
-1.433245e+012 4.234084e+011
-1.444533e+012 3.846524e+011
-1.454750e+012 3.456100e+011
-1.463891e+012 3.063103e+011
-1.471949e+012 2.667824e+011
-1.478918e+012 2.270558e+011
-1.484795e+012 1.871600e+011
-1.489576e+012 1.471244e+011
-1.493258e+012 1.069788e+011
-1.495838e+012 6.675283e+010
-1.497315e+012 2.647612e+010
-1.497689e+012 -1.382160e+010
-1.496959e+012 -5.411061e+010
-1.495128e+012 -9.436126e+010
-1.492195e+012 -1.345439e+011
-1.488164e+012 -1.746291e+011
-1.483038e+012 -2.145872e+011
-1.476820e+012 -2.543889e+011
-1.469517e+012 -2.940050e+011
-1.461132e+012 -3.334063e+011
-1.451673e+012 -3.725640e+011
-1.441146e+012 -4.114491e+011
-1.429559e+012 -4.500332e+011
-1.416920e+012 -4.882878e+011
-1.403239e+012 -5.261847e+011
-1.388526e+012 -5.636962e+011
-1.372791e+012 -6.007944e+011
-1.356046e+012 -6.374521e+011
-1.338302e+012 -6.736421e+011
-1.319573e+012 -7.093377e+011
-1.299872e+012 -7.445126e+011
-1.279213e+012 -7.791405e+011
-1.257611e+012 -8.131958e+011
-1.235082e+012 -8.466531e+011
-1.211641e+012 -8.794875e+011
-1.187306e+012 -9.116746e+011
-1.162094e+012 -9.431901e+011
-1.136023e+012 -9.740106e+011
-1.109112e+012 -1.004113e+012
-1.081380e+012 -1.033474e+012
-1.052848e+012 -1.062072e+012
-1.023535e+012 -1.089885e+012
-9.934636e+011 -1.116892e+012
-9.626547e+011 -1.143072e+012
-9.311309e+011 -1.168406e+012
-8.989148e+011 -1.192873e+012
-8.660299e+011 -1.216456e+012
-8.325000e+011 -1.239135e+012
-7.983496e+011 -1.260893e+012
-7.636034e+011 -1.281713e+012
-7.282868e+011 -1.301579e+012
-6.924257e+011 -1.320474e+012
-6.560462e+011 -1.338384e+012
-6.191750e+011 -1.355294e+012
-5.818392e+011 -1.371192e+012
-5.440663e+011 -1.386062e+012
-5.058841e+011 -1.399895e+012
-4.673208e+011 -1.412677e+012
-4.284050e+011 -1.424399e+012
-3.891656e+011 -1.435049e+012
-3.496317e+011 -1.444620e+012
-3.098328e+011 -1.453102e+012
-2.697986e+011 -1.460488e+012
-2.295590e+011 -1.466771e+012
-1.891443e+011 -1.471945e+012
-1.485849e+011 -1.476004e+012
-1.079113e+011 -1.478945e+012
-6.715428e+010 -1.480763e+012
-2.634467e+010 -1.481456e+012
1.448654e+010 -1.481022e+012
5.530826e+010 -1.479459e+012
9.608934e+010 -1.476769e+012
1.367986e+011 -1.472950e+012
1.774048e+011 -1.468005e+012
2.178768e+011 -1.461937e+012
2.581833e+011 -1.454747e+012
2.982933e+011 -1.446442e+012
3.381756e+011 -1.437024e+012
3.777993e+011 -1.426501e+012
4.171336e+011 -1.414878e+012
4.561477e+011 -1.402165e+012
4.948112e+011 -1.388368e+012
5.330937e+011 -1.373497e+012
5.709651e+011 -1.357564e+012
6.083956e+011 -1.340577e+012
6.453557e+011 -1.322550e+012
6.818160e+011 -1.303496e+012
7.177476e+011 -1.283427e+012
7.531220e+011 -1.262358e+012
7.879109e+011 -1.240305e+012
8.220865e+011 -1.217284e+012
8.556214e+011 -1.193311e+012
8.884888e+011 -1.168405e+012
9.206622e+011 -1.142583e+012
9.521156e+011 -1.115865e+012
9.828237e+011 -1.088270e+012
1.012761e+012 -1.059821e+012
1.041905e+012 -1.030538e+012
1.070230e+012 -1.000443e+012
1.097714e+012 -9.695598e+011
1.124334e+012 -9.379113e+011
1.150068e+012 -9.055221e+011
1.174896e+012 -8.724171e+011
1.198797e+012 -8.386217e+011
1.221752e+012 -8.041622e+011
1.243741e+012 -7.690653e+011
1.264747e+012 -7.333582e+011
1.284751e+012 -6.970690e+011
1.303739e+012 -6.602258e+011
1.321693e+012 -6.228575e+011
1.338599e+012 -5.849936e+011
1.354443e+012 -5.466637e+011
1.369212e+012 -5.078981e+011
1.382893e+012 -4.687274e+011
1.395475e+012 -4.291824e+011
1.406948e+012 -3.892946e+011
1.417303e+012 -3.490954e+011
1.426529e+012 -3.086168e+011
1.434621e+012 -2.678910e+011
1.441570e+012 -2.269502e+011
1.447372e+012 -1.858270e+011
1.452021e+012 -1.445541e+011
1.455513e+012 -1.031645e+011
1.457846e+012 -6.169104e+010
1.459018e+012 -2.016677e+010
1.459027e+012 2.137522e+010
1.457874e+012 6.290184e+010
1.455559e+012 1.043800e+011
1.452086e+012 1.457767e+011
1.447455e+012 1.870589e+011
1.441672e+012 2.281939e+011
1.434742e+012 2.691489e+011
1.426669e+012 3.098913e+011
1.417462e+012 3.503889e+011
1.407126e+012 3.906094e+011
1.395673e+012 4.305212e+011
1.383109e+012 4.700924e+011
1.369448e+012 5.092920e+011
1.354699e+012 5.480890e+011
