2.273284e+011 1.664573e+010
2.258302e+011 3.114531e+010
2.234069e+011 4.552161e+010
2.200687e+011 5.971582e+010
2.158290e+011 7.366987e+010
2.107055e+011 8.732672e+010
2.047192e+011 1.006306e+011
1.978945e+011 1.135271e+011
1.902594e+011 1.259636e+011
1.818453e+011 1.378895e+011
1.726866e+011 1.492561e+011
1.628208e+011 1.600172e+011
1.522883e+011 1.701290e+011
1.411321e+011 1.795505e+011
1.293980e+011 1.882435e+011
1.171338e+011 1.961730e+011
1.043897e+011 2.033070e+011
9.121769e+010 2.096168e+011
7.767144e+010 2.150774e+011
6.380616e+010 2.196670e+011
4.967825e+010 2.233676e+011
3.534511e+010 2.261650e+011
2.086487e+010 2.280485e+011
6.296155e+009 2.290113e+011
-8.302174e+009 2.290505e+011
-2.287127e+010 2.281668e+011
-3.735255e+010 2.263649e+011
-5.168795e+010 2.236531e+011
-6.582015e+010 2.200435e+011
-7.969286e+010 2.155517e+011
-9.325101e+010 2.101971e+011
-1.064410e+011 2.040023e+011
-1.192108e+011 1.969933e+011
-1.315106e+011 1.891994e+011
-1.432923e+011 1.806530e+011
-1.545102e+011 1.713892e+011
-1.651213e+011 1.614460e+011
-1.750848e+011 1.508640e+011
-1.843631e+011 1.396861e+011
-1.929212e+011 1.279574e+011
-2.007272e+011 1.157250e+011
-2.077524e+011 1.030378e+011
-2.139713e+011 8.994613e+010
-2.193617e+011 7.650180e+010
-2.239047e+011 6.275771e+010
-2.275850e+011 4.876762e+010
-2.303906e+011 3.458600e+010
-2.323128e+011 2.026776e+010
-2.333468e+011 5.868021e+009
-2.334907e+011 -8.558053e+009
-2.327465e+011 -2.295552e+010
-2.311193e+011 -3.726985e+010
-2.286176e+011 -5.144712e+010
-2.252532e+011 -6.543425e+010
-2.210410e+011 -7.917915e+010
-2.159991e+011 -9.263095e+010
-2.101485e+011 -1.057401e+011
-2.035131e+011 -1.184588e+011
-1.961198e+011 -1.307406e+011
-1.879977e+011 -1.425413e+011
-1.791789e+011 -1.538185e+011
-1.696975e+011 -1.645318e+011
-1.595902e+011 -1.746435e+011
-1.488953e+011 -1.841179e+011
-1.376535e+011 -1.929219e+011
-1.259070e+011 -2.010250e+011
-1.136997e+011 -2.083993e+011
-1.010769e+011 -2.150199e+011
-8.808513e+010 -2.208643e+011
-7.477212e+010 -2.259131e+011
-6.118644e+010 -2.301499e+011
