1.068078e+011 1.807914e+010
1.033549e+011 3.281185e+010
9.788943e+010 4.693657e+010
9.051994e+010 6.018095e+010
8.139187e+010 7.229142e+010
7.068456e+010 8.303838e+010
5.860731e+010 9.222097e+010
4.539470e+010 9.967116e+010
3.130126e+010 1.052570e+011
1.659568e+010 1.088850e+011
1.554748e+009 1.105014e+011
-1.354285e+010 1.100927e+011
-2.842255e+010 1.076845e+011
-4.281967e+010 1.033401e+011
-5.648465e+010 9.715798e+010
-6.918765e+010 8.926801e+010
-8.072242e+010 7.982788e+010
-9.090939e+010 6.901857e+010
-9.959781e+010 5.703977e+010
-1.066672e+011 4.410515e+010
-1.120281e+011 3.043774e+010
-1.156217e+011 1.626548e+010
-1.174195e+011 1.817020e+009
-1.174217e+011 -1.268205e+010
-1.156560e+011 -2.701265e+010
-1.121754e+011 -4.096518e+010
-1.070561e+011 -5.434204e+010
-1.003950e+011 -6.695985e+010
-9.230770e+010 -7.865107e+010
-8.292551e+010 -8.926549e+010
-7.239344e+010 -9.867120e+010
-6.086765e+010 -1.067553e+011
-4.851315e+010 -1.134246e+011
-3.550159e+010 -1.186055e+011
-2.200912e+010 -1.222445e+011
-8.214335e+009 -1.243076e+011
5.703648e+009 -1.247806e+011
1.956707e+010 -1.236683e+011
3.320130e+010 -1.209940e+011
4.643651e+010 -1.167992e+011
5.910933e+010 -1.111427e+011
7.106438e+010 -1.040997e+011
8.215577e+010 -9.576103e+010
9.224848e+010 -8.623190e+010
1.012197e+011 -7.563105e+010
1.089603e+011 -6.408931e+010
1.153756e+011 -5.174827e+010
1.203866e+011 -3.875875e+010
1.239314e+011 -2.527926e+010
1.259651e+011 -1.147415e+010
1.264612e+011 2.488137e+009
1.254118e+011 1.643709e+010
1.228277e+011 3.020215e+010
1.187388e+011 4.361480e+010
1.131934e+011 5.651073e+010
