4.466732e+012 5.122377e+011
4.389937e+012 9.724963e+011
4.265316e+012 1.422420e+012
4.094197e+012 1.857105e+012
3.878402e+012 2.271804e+012
3.620232e+012 2.661975e+012
3.322445e+012 3.023332e+012
2.988232e+012 3.351887e+012
2.621187e+012 3.643996e+012
2.225269e+012 3.896404e+012
1.804765e+012 4.106279e+012
1.364244e+012 4.271249e+012
9.085097e+011 4.389431e+012
4.425450e+011 4.459459e+012
-2.854070e+010 4.480501e+012
-4.995714e+011 4.452271e+012
-9.653649e+011 4.375041e+012
-1.420794e+012 4.249634e+012
-1.860848e+012 4.077419e+012
-2.280694e+012 3.860298e+012
-2.675735e+012 3.600680e+012
-3.041664e+012 3.301451e+012
-3.374521e+012 2.965941e+012
-3.670735e+012 2.597878e+012
-3.927167e+012 2.201342e+012
-4.141146e+012 1.780713e+012
-4.310496e+012 1.340613e+012
-4.433559e+012 8.858473e+011
-4.509206e+012 4.213468e+011
-4.536843e+012 -4.789572e+010
-4.516410e+012 -5.168841e+011
-4.448376e+012 -9.806781e+011
-4.333716e+012 -1.434449e+012
-4.173895e+012 -1.873534e+012
-3.970840e+012 -2.293483e+012
-3.726910e+012 -2.690105e+012
-3.444855e+012 -3.059507e+012
-3.127781e+012 -3.398130e+012
-2.779111e+012 -3.702776e+012
-2.402534e+012 -3.970635e+012
-2.001969e+012 -4.199301e+012
-1.581516e+012 -4.386787e+012
-1.145410e+012 -4.531535e+012
-6.979824e+011 -4.632417e+012
-2.436128e+011 -4.688740e+012
2.133094e+011 -4.700239e+012
6.684260e+011 -4.667067e+012
1.117448e+012 -4.589790e+012
1.556189e+012 -4.469370e+012
1.980605e+012 -4.307150e+012
2.386819e+012 -4.104833e+012
2.771153e+012 -3.864464e+012
3.130157e+012 -3.588409e+012
3.460630e+012 -3.279327e+012
3.759646e+012 -2.940148e+012
4.024571e+012 -2.574044e+012
4.253081e+012 -2.184406e+012
4.443183e+012 -1.774809e+012
4.593220e+012 -1.348987e+012
