1.485948e+011 1.798843e+010
1.454399e+011 3.573544e+010
1.401824e+011 5.298502e+010
1.328998e+011 6.948908e+010
1.236991e+011 8.501122e+010
1.127150e+011 9.933022e+010
1.001076e+011 1.122435e+011
8.606017e+010 1.235699e+011
7.077604e+010 1.331529e+011
5.447516e+010 1.408622e+011
3.739068e+010 1.465960e+011
1.976508e+010 1.502821e+011
1.846374e+009 1.518786e+011
-1.611590e+010 1.513739e+011
-3.387449e+010 1.487870e+011
-5.118815e+010 1.441657e+011
-6.782519e+010 1.375862e+011
-8.356671e+010 1.291505e+011
-9.820948e+010 1.189850e+011
-1.115685e+011 1.072372e+011
-1.234793e+011 9.407381e+010
-1.337993e+011 7.967741e+010
-1.424094e+011 6.424349e+010
-1.492149e+011 4.797751e+010
-1.541459e+011 3.109178e+010
-1.571573e+011 1.380254e+010
-1.582287e+011 -3.672936e+009
-1.573640e+011 -2.111909e+010
-1.545904e+011 -3.832461e+010
-1.499572e+011 -5.508482e+010
-1.435348e+011 -7.120387e+010
-1.354134e+011 -8.649665e+010
-1.257009e+011 -1.007906e+011
-1.145217e+011 -1.139271e+011
-1.020146e+011 -1.257631e+011
-8.833142e+010 -1.361717e+011
-7.363458e+010 -1.450436e+011
-5.809557e+010 -1.522876e+011
-4.189298e+010 -1.578311e+011
-2.521053e+010 -1.616204e+011
-8.235247e+009 -1.636213e+011
8.844421e+009 -1.638185e+011
2.584046e+010 -1.622160e+011
4.256709e+010 -1.588369e+011
5.884251e+010 -1.537224e+011
7.449066e+010 -1.469319e+011
8.934285e+010 -1.385421e+011
1.032394e+011 -1.286459e+011
1.160310e+011 -1.173518e+011
1.275805e+011 -1.047827e+011
1.377641e+011 -9.107461e+010
1.464722e+011 -7.637541e+010
1.536112e+011 -6.084323e+010
1.591042e+011 -4.464493e+010
1.628917e+011 -2.795443e+010
1.649324e+011 -1.095082e+010
1.652038e+011 6.183423e+009
1.637024e+011 2.326447e+010
1.604439e+011 4.010907e+010
1.554628e+011 5.653662e+010
1.488126e+011 7.237114e+010
1.405646e+011 8.744329e+010
1.308078e+011 1.015923e+011
1.196472e+011 1.146677e+011
1.072032e+011 1.265312e+011
9.360973e+010 1.370584e+011