5.309703e+010 2.400517e+010
4.167980e+010 4.117631e+010
2.499821e+010 5.351050e+010
5.104188e+009 5.957805e+010
-1.563083e+010 5.881468e+010
-3.489500e+010 5.155524e+010
-5.077865e+010 3.888401e+010
-6.198565e+010 2.235903e+010
-6.788243e+010 3.709829e+009
-6.841954e+010 -1.540831e+010
-6.398944e+010 -3.356795e+010
-5.527603e+010 -4.963725e+010
-4.312736e+010 -6.278790e+010
-2.846170e+010 -7.247025e+010
-1.220449e+010 -7.837576e+010
4.750973e+009 -8.039839e+010
2.156685e+010 -7.860075e+010
3.747446e+010 -7.318669e+010
5.178313e+010 -6.448020e+010
6.388734e+010 -5.290933e+010
7.327459e+010 -3.899336e+010
7.953486e+010 -2.333137e+010
8.237249e+010 -6.589956e+009
8.161987e+010 1.051188e+010
7.725178e+010 2.722281e+010
6.939813e+010 4.278572e+010
5.835177e+010 5.647136e+010
4.456760e+010 6.761812e+010
2.864928e+010 7.567490e+010
