2.871561e+012 9.398946e+010
2.867784e+012 1.761564e+011
2.861660e+012 2.581841e+011
2.853196e+012 3.400053e+011
2.842396e+012 4.215532e+011
2.829272e+012 5.027611e+011
2.813833e+012 5.835626e+011
2.796092e+012 6.638916e+011
2.776064e+012 7.436825e+011
2.753765e+012 8.228701e+011
2.729215e+012 9.013897e+011
2.702432e+012 9.791773e+011
2.673439e+012 1.056169e+012
2.642261e+012 1.132303e+012
2.608922e+012 1.207516e+012
2.573450e+012 1.281747e+012
2.535875e+012 1.354936e+012
2.496227e+012 1.427022e+012
2.454539e+012 1.497948e+012
2.410846e+012 1.567656e+012
2.365182e+012 1.636089e+012
2.317587e+012 1.703190e+012
2.268098e+012 1.768907e+012
2.216757e+012 1.833184e+012
2.163605e+012 1.895971e+012
2.108687e+012 1.957217e+012
2.052047e+012 2.016870e+012
1.993732e+012 2.074885e+012
1.933790e+012 2.131212e+012
1.872270e+012 2.185808e+012
1.809222e+012 2.238627e+012
1.744699e+012 2.289628e+012
1.678752e+012 2.338769e+012
1.611436e+012 2.386011e+012
1.542805e+012 2.431315e+012
1.472917e+012 2.474646e+012
1.401828e+012 2.515969e+012
1.329597e+012 2.555251e+012
1.256281e+012 2.592460e+012
1.181942e+012 2.627567e+012
1.106639e+012 2.660544e+012
1.030434e+012 2.691365e+012
9.533893e+011 2.720005e+012
8.755674e+011 2.746443e+012
7.970318e+011 2.770658e+012
7.178461e+011 2.792629e+012
6.380747e+011 2.812342e+012
5.577824e+011 2.829780e+012
4.770344e+011 2.844931e+012
3.958960e+011 2.857782e+012
3.144330e+011 2.868324e+012
2.327113e+011 2.876551e+012
1.507970e+011 2.882455e+012
6.875626e+010 2.886034e+012
-1.334465e+010 2.887284e+012
-9.543953e+010 2.886208e+012
-1.774622e+011 2.882805e+012
-2.593467e+011 2.877080e+012
-3.410272e+011 2.869039e+012
-4.224379e+011 2.858688e+012
-5.035136e+011 2.846038e+012
-5.841892e+011 2.831100e+012
-6.644002e+011 2.813887e+012
-7.440822e+011 2.794413e+012
-8.231718e+011 2.772696e+012
-9.016056e+011 2.748753e+012
-9.793212e+011 2.722606e+012
-1.056257e+012 2.694275e+012
-1.132351e+012 2.663786e+012
-1.207543e+012 2.631163e+012
-1.281774e+012 2.596435e+012
-1.354984e+012 2.559628e+012
-1.427116e+012 2.520775e+012
-1.498113e+012 2.479907e+012
-1.567918e+012 2.437057e+012
-1.636477e+012 2.392262e+012
-1.703736e+012 2.345558e+012
-1.769642e+012 2.296982e+012
-1.834142e+012 2.246576e+012
-1.897187e+012 2.194379e+012
-1.958728e+012 2.140435e+012
-2.018715e+012 2.084787e+012
-2.077103e+012 2.027480e+012
-2.133846e+012 1.968561e+012
-2.188900e+012 1.908078e+012
-2.242222e+012 1.846079e+012
-2.293771e+012 1.782614e+012
-2.343507e+012 1.717734e+012
-2.391392e+012 1.651492e+012
-2.437390e+012 1.583940e+012
-2.481463e+012 1.515133e+012
-2.523581e+012 1.445126e+012
-2.563709e+012 1.373975e+012
-2.601817e+012 1.301735e+012
-2.637877e+012 1.228466e+012
-2.671862e+012 1.154226e+012
-2.703746e+012 1.079072e+012
-2.733504e+012 1.003066e+012
-2.761115e+012 9.262667e+011
-2.786559e+012 8.487354e+011
-2.809816e+012 7.705334e+011
-2.830870e+012 6.917224e+011
-2.849705e+012 6.123646e+011
-2.866308e+012 5.325224e+011
-2.880666e+012 4.522587e+011
-2.892771e+012 3.716364e+011
-2.902614e+012 2.907190e+011
-2.910188e+012 2.095698e+011
-2.915489e+012 1.282523e+011
-2.918514e+012 4.683006e+010
-2.919261e+012 -3.463323e+010
-2.917732e+012 -1.160740e+011
-2.913928e+012 -1.974289e+011
-2.907855e+012 -2.786346e+011
-2.899517e+012 -3.596278e+011
-2.888922e+012 -4.403457e+011
-2.876081e+012 -5.207257e+011
-2.861003e+012 -6.007054e+011
-2.843703e+012 -6.802230e+011
-2.824194e+012 -7.592169e+011
-2.802492e+012 -8.376262e+011
-2.778616e+012 -9.153902e+011
-2.752585e+012 -9.924490e+011
-2.724420e+012 -1.068743e+012
-2.694145e+012 -1.144214e+012
-2.661782e+012 -1.218804e+012
-2.627360e+012 -1.292455e+012
-2.590904e+012 -1.365112e+012
-2.552444e+012 -1.436717e+012
-2.512012e+012 -1.507217e+012
-2.469637e+012 -1.576557e+012
-2.425355e+012 -1.644685e+012
-2.379201e+012 -1.711548e+012
-2.331210e+012 -1.777096e+012
-2.281420e+012 -1.841278e+012
-2.229870e+012 -1.904045e+012
-2.176601e+012 -1.965351e+012
-2.121654e+012 -2.025147e+012
-2.065073e+012 -2.083389e+012
-2.006900e+012 -2.140033e+012
-1.947183e+012 -2.195035e+012
-1.885966e+012 -2.248354e+012
-1.823298e+012 -2.299950e+012
-1.759226e+012 -2.349783e+012
-1.693802e+012 -2.397816e+012
-1.627075e+012 -2.444012e+012
-1.559096e+012 -2.488337e+012
-1.489919e+012 -2.530758e+012
-1.419597e+012 -2.571241e+012
-1.348183e+012 -2.609758e+012
-1.275734e+012 -2.646278e+012
-1.202303e+012 -2.680775e+012
-1.127949e+012 -2.713223e+012
-1.052728e+012 -2.743597e+012
-9.766982e+011 -2.771874e+012
-8.999172e+011 -2.798034e+012
-8.224443e+011 -2.822057e+012
-7.443387e+011 -2.843925e+012
-6.656603e+011 -2.863622e+012
-5.864693e+011 -2.881133e+012
-5.068262e+011 -2.896446e+012
-4.267918e+011 -2.909548e+012
-3.464275e+011 -2.920431e+012
-2.657944e+011 -2.929087e+012
-1.849543e+011 -2.935508e+012
-1.039686e+011 -2.939692e+012
-2.289933e+010 -2.941634e+012
5.819185e+010 -2.941334e+012
1.392431e+011 -2.938792e+012
2.201927e+011 -2.934011e+012
3.009789e+011 -2.926994e+012
3.815402e+011 -2.917747e+012
4.618153e+011 -2.906277e+012
5.417432e+011 -2.892594e+012
6.212629e+011 -2.876707e+012
7.003139e+011 -2.858630e+012
7.788363e+011 -2.838376e+012
8.567701e+011 -2.815960e+012
9.340562e+011 -2.791401e+012
1.010636e+012 -2.764716e+012
1.086451e+012 -2.735926e+012
1.161443e+012 -2.705053e+012
1.235556e+012 -2.672122e+012
1.308734e+012 -2.637156e+012
1.380920e+012 -2.600183e+012
1.452060e+012 -2.561230e+012
1.522100e+012 -2.520328e+012
1.590986e+012 -2.477507e+012
1.658667e+012 -2.432801e+012
1.725090e+012 -2.386243e+012
1.790206e+012 -2.337868e+012
1.853964e+012 -2.287714e+012
1.916317e+012 -2.235819e+012
1.977217e+012 -2.182221e+012
2.036618e+012 -2.126963e+012
2.094474e+012 -2.070084e+012
2.150742e+012 -2.011630e+012
2.205379e+012 -1.951644e+012
2.258343e+012 -1.890172e+012
2.309594e+012 -1.827261e+012
2.359093e+012 -1.762958e+012
2.406803e+012 -1.697312e+012
2.452687e+012 -1.630374e+012
2.496710e+012 -1.562193e+012
2.538839e+012 -1.492821e+012
2.579042e+012 -1.422313e+012
2.617289e+012 -1.350719e+012
2.653549e+012 -1.278097e+012
2.687796e+012 -1.204499e+012
2.720004e+012 -1.129983e+012
2.750147e+012 -1.054604e+012
2.778204e+012 -9.784208e+011
2.804153e+012 -9.014902e+011
2.827973e+012 -8.238709e+011
2.849648e+012 -7.456218e+011
2.869160e+012 -6.668023e+011
2.886495e+012 -5.874722e+011
2.901639e+012 -5.076918e+011
2.914581e+012 -4.275217e+011
2.925311e+012 -3.470227e+011
2.933821e+012 -2.662558e+011
2.940105e+012 -1.852825e+011
2.944157e+012 -1.041642e+011
2.945975e+012 -2.296240e+010
2.945558e+012 5.826122e+010
2.942905e+012 1.394450e+011
2.938019e+012 2.205274e+011
2.930903e+012 3.014469e+011
2.921564e+012 3.821421e+011
2.910007e+012 4.625517e+011
2.896243e+012 5.426148e+011
2.880281e+012 6.222707e+011
2.862133e+012 7.014590e+011
2.841815e+012 7.801196e+011
2.819340e+012 8.581930e+011
2.794727e+012 9.356199e+011
2.767994e+012 1.012342e+012
2.739161e+012 1.088301e+012
2.708251e+012 1.163439e+012
2.675287e+012 1.237699e+012
2.640295e+012 1.311026e+012
2.603300e+012 1.383364e+012
2.564331e+012 1.454657e+012
2.523419e+012 1.524853e+012
2.480594e+012 1.593899e+012
2.435888e+012 1.661741e+012
2.389337e+012 1.728330e+012
2.340974e+012 1.793614e+012
2.290838e+012 1.857544e+012
2.238967e+012 1.920073e+012
2.185399e+012 1.981153e+012
2.130176e+012 2.040739e+012
2.073340e+012 2.098785e+012
2.014934e+012 2.155248e+012
1.955003e+012 2.210086e+012
1.893591e+012 2.263257e+012
1.830746e+012 2.314722e+012
1.766515e+012 2.364442e+012
1.700948e+012 2.412380e+012
1.634094e+012 2.458501e+012
1.566003e+012 2.502769e+012
1.496728e+012 2.545153e+012
1.426320e+012 2.585620e+012
1.354834e+012 2.624140e+012
1.282323e+012 2.660686e+012
1.208843e+012 2.695229e+012
1.134449e+012 2.727745e+012
1.059196e+012 2.758210e+012
9.831428e+011 2.786601e+012
9.063460e+011 2.812898e+012
8.288635e+011 2.837082e+012
7.507540e+011 2.859134e+012
6.720762e+011 2.879040e+012
5.928896e+011 2.896785e+012
5.132536e+011 2.912356e+012
4.332281e+011 2.925742e+012
3.528735e+011 2.936935e+012
2.722499e+011 2.945926e+012
1.914181e+011 2.952710e+012
1.104384e+011 2.957283e+012
2.937181e+010 2.959641e+012
-5.172115e+010 2.959785e+012
-1.327798e+011 2.957714e+012
-2.137434e+011 2.953431e+012
-2.945516e+011 2.946941e+012
