7.773754e+011 4.525283e+010
7.741641e+011 8.473750e+010
7.689646e+011 1.240119e+011
7.617906e+011 1.629751e+011
7.526611e+011 2.015275e+011
7.416002e+011 2.395703e+011
7.286373e+011 2.770062e+011
7.138063e+011 3.137397e+011
6.971462e+011 3.496773e+011
6.787010e+011 3.847275e+011
6.585188e+011 4.188014e+011
6.366526e+011 4.518129e+011
6.131596e+011 4.836787e+011
5.881009e+011 5.143187e+011
5.615419e+011 5.436562e+011
5.335517e+011 5.716181e+011
5.042028e+011 5.981349e+011
4.735711e+011 6.231411e+011
4.417359e+011 6.465755e+011
4.087791e+011 6.683808e+011
3.747854e+011 6.885044e+011
3.398418e+011 7.068980e+011
3.040376e+011 7.235180e+011
2.674641e+011 7.383254e+011
2.302141e+011 7.512861e+011
1.923818e+011 7.623708e+011
1.540626e+011 7.715550e+011
1.153530e+011 7.788194e+011
7.634968e+010 7.841494e+011
3.715007e+010 7.875353e+011
-2.148457e+009 7.889725e+011
-4.144865e+010 7.884614e+011
-8.065364e+010 7.860071e+011
-1.196672e+011 7.816195e+011
