1.06808e+011 1.80791e+010
1.03355e+011 3.28118e+010
9.78894e+010 4.69366e+010
9.05199e+010 6.0181e+010
8.13919e+010 7.22914e+010
7.06846e+010 8.30384e+010
5.86073e+010 9.2221e+010
4.53947e+010 9.96712e+010
3.13013e+010 1.05257e+011
1.65957e+010 1.08885e+011
1.55475e+009 1.10501e+011
-1.35429e+010 1.10093e+011
-2.84226e+010 1.07684e+011
-4.28197e+010 1.0334e+011
-5.64847e+010 9.7158e+010
-6.91876e+010 8.9268e+010
-8.07224e+010 7.98279e+010
-9.09094e+010 6.90186e+010
-9.95978e+010 5.70398e+010
-1.06667e+011 4.41051e+010
-1.12028e+011 3.04377e+010
-1.15622e+011 1.62655e+010
-1.17419e+011 1.81702e+009
-1.17422e+011 -1.26821e+010
-1.15656e+011 -2.70127e+010
-1.12175e+011 -4.09652e+010
-1.07056e+011 -5.4342e+010
-1.00395e+011 -6.69598e+010
-9.23077e+010 -7.86511e+010
-8.29255e+010 -8.92655e+010
-7.23934e+010 -9.86712e+010
-6.08676e+010 -1.06755e+011
-4.85131e+010 -1.13425e+011
-3.55016e+010 -1.18606e+011
-2.20091e+010 -1.22244e+011
-8.21434e+009 -1.24308e+011
5.70365e+009 -1.24781e+011
1.95671e+010 -1.23668e+011
3.32013e+010 -1.20994e+011
4.64365e+010 -1.16799e+011
5.91093e+010 -1.11143e+011
7.10644e+010 -1.041e+011
8.21558e+010 -9.5761e+010
9.22485e+010 -8.62319e+010
1.0122e+011 -7.56311e+010
1.0896e+011 -6.40893e+010
1.15376e+011 -5.17483e+010
1.20387e+011 -3.87588e+010
1.23931e+011 -2.52793e+010
1.25965e+011 -1.14742e+010
1.26461e+011 2.48814e+009
1.25412e+011 1.64371e+010
1.22828e+011 3.02021e+010
1.18739e+011 4.36148e+010
1.13193e+011 5.65107e+010
1.06258e+011 6.8732e+010
9.80171e+010 8.0129e+010
8.85707e+010 9.05629e+010
7.80344e+010 9.99069e+010
